Table of 1: [1, 2, 3, 4, 5, 6, 7, 8, 9, 10, 11, 12] 
Table of 2: [2, 4, 6, 8, 10, 12, 14, 16, 18, 20, 22, 24] 
Table of 3: [3, 6, 9, 12, 15, 18, 21, 24, 27, 30, 33, 36] 
Table of 4: [4, 8, 12, 16, 20, 24, 28, 32, 36, 40, 44, 48] 
Table of 5: [5, 10, 15, 20, 25, 30, 35, 40, 45, 50, 55, 60] 
Table of 6: [6, 12, 18, 24, 30, 36, 42, 48, 54, 60, 66, 72] 
Table of 7: [7, 14, 21, 28, 35, 42, 49, 56, 63, 70, 77, 84] 
Table of 8: [8, 16, 24, 32, 40, 48, 56, 64, 72, 80, 88, 96] 
Table of 9: [9, 18, 27, 36, 45, 54, 63, 72, 81, 90, 99, 108] 
Table of 10: [10, 20, 30, 40, 50, 60, 70, 80, 90, 100, 110, 120] 
Table of 11: [11, 22, 33, 44, 55, 66, 77, 88, 99, 110, 121, 132] 
Table of 12: [12, 24, 36, 48, 60, 72, 84, 96, 108, 120, 132, 144] 
Table of 13: [13, 26, 39, 52, 65, 78, 91, 104, 117, 130, 143, 156] 
Table of 14: [14, 28, 42, 56, 70, 84, 98, 112, 126, 140, 154, 168] 
Table of 15: [15, 30, 45, 60, 75, 90, 105, 120, 135, 150, 165, 180] 
Table of 16: [16, 32, 48, 64, 80, 96, 112, 128, 144, 160, 176, 192] 
Table of 17: [17, 34, 51, 68, 85, 102, 119, 136, 153, 170, 187, 204] 
Table of 18: [18, 36, 54, 72, 90, 108, 126, 144, 162, 180, 198, 216] 
Table of 19: [19, 38, 57, 76, 95, 114, 133, 152, 171, 190, 209, 228] 
Table of 20: [20, 40, 60, 80, 100, 120, 140, 160, 180, 200, 220, 240] 
Table of 21: [21, 42, 63, 84, 105, 126, 147, 168, 189, 210, 231, 252] 
Table of 22: [22, 44, 66, 88, 110, 132, 154, 176, 198, 220, 242, 264] 
Table of 23: [23, 46, 69, 92, 115, 138, 161, 184, 207, 230, 253, 276] 
Table of 24: [24, 48, 72, 96, 120, 144, 168, 192, 216, 240, 264, 288] 
Table of 25: [25, 50, 75, 100, 125, 150, 175, 200, 225, 250, 275, 300] 
Table of 26: [26, 52, 78, 104, 130, 156, 182, 208, 234, 260, 286, 312] 
Table of 27: [27, 54, 81, 108, 135, 162, 189, 216, 243, 270, 297, 324] 
Table of 28: [28, 56, 84, 112, 140, 168, 196, 224, 252, 280, 308, 336] 
Table of 29: [29, 58, 87, 116, 145, 174, 203, 232, 261, 290, 319, 348] 
Table of 30: [30, 60, 90, 120, 150, 180, 210, 240, 270, 300, 330, 360] 
Table of 31: [31, 62, 93, 124, 155, 186, 217, 248, 279, 310, 341, 372] 
Table of 32: [32, 64, 96, 128, 160, 192, 224, 256, 288, 320, 352, 384] 
Table of 33: [33, 66, 99, 132, 165, 198, 231, 264, 297, 330, 363, 396] 
Table of 34: [34, 68, 102, 136, 170, 204, 238, 272, 306, 340, 374, 408] 
Table of 35: [35, 70, 105, 140, 175, 210, 245, 280, 315, 350, 385, 420] 
Table of 36: [36, 72, 108, 144, 180, 216, 252, 288, 324, 360, 396, 432] 
Table of 37: [37, 74, 111, 148, 185, 222, 259, 296, 333, 370, 407, 444] 
Table of 38: [38, 76, 114, 152, 190, 228, 266, 304, 342, 380, 418, 456] 
Table of 39: [39, 78, 117, 156, 195, 234, 273, 312, 351, 390, 429, 468] 
Table of 40: [40, 80, 120, 160, 200, 240, 280, 320, 360, 400, 440, 480] 
Table of 41: [41, 82, 123, 164, 205, 246, 287, 328, 369, 410, 451, 492] 
Table of 42: [42, 84, 126, 168, 210, 252, 294, 336, 378, 420, 462, 504] 
Table of 43: [43, 86, 129, 172, 215, 258, 301, 344, 387, 430, 473, 516] 
Table of 44: [44, 88, 132, 176, 220, 264, 308, 352, 396, 440, 484, 528] 
Table of 45: [45, 90, 135, 180, 225, 270, 315, 360, 405, 450, 495, 540] 
Table of 46: [46, 92, 138, 184, 230, 276, 322, 368, 414, 460, 506, 552] 
Table of 47: [47, 94, 141, 188, 235, 282, 329, 376, 423, 470, 517, 564] 
Table of 48: [48, 96, 144, 192, 240, 288, 336, 384, 432, 480, 528, 576] 
Table of 49: [49, 98, 147, 196, 245, 294, 343, 392, 441, 490, 539, 588] 
Table of 50: [50, 100, 150, 200, 250, 300, 350, 400, 450, 500, 550, 600] 
Table of 51: [51, 102, 153, 204, 255, 306, 357, 408, 459, 510, 561, 612] 
Table of 52: [52, 104, 156, 208, 260, 312, 364, 416, 468, 520, 572, 624] 
Table of 53: [53, 106, 159, 212, 265, 318, 371, 424, 477, 530, 583, 636] 
Table of 54: [54, 108, 162, 216, 270, 324, 378, 432, 486, 540, 594, 648] 
Table of 55: [55, 110, 165, 220, 275, 330, 385, 440, 495, 550, 605, 660] 
Table of 56: [56, 112, 168, 224, 280, 336, 392, 448, 504, 560, 616, 672] 
Table of 57: [57, 114, 171, 228, 285, 342, 399, 456, 513, 570, 627, 684] 
Table of 58: [58, 116, 174, 232, 290, 348, 406, 464, 522, 580, 638, 696] 
Table of 59: [59, 118, 177, 236, 295, 354, 413, 472, 531, 590, 649, 708] 
Table of 60: [60, 120, 180, 240, 300, 360, 420, 480, 540, 600, 660, 720] 
Table of 61: [61, 122, 183, 244, 305, 366, 427, 488, 549, 610, 671, 732] 
Table of 62: [62, 124, 186, 248, 310, 372, 434, 496, 558, 620, 682, 744] 
Table of 63: [63, 126, 189, 252, 315, 378, 441, 504, 567, 630, 693, 756] 
Table of 64: [64, 128, 192, 256, 320, 384, 448, 512, 576, 640, 704, 768] 
Table of 65: [65, 130, 195, 260, 325, 390, 455, 520, 585, 650, 715, 780] 
Table of 66: [66, 132, 198, 264, 330, 396, 462, 528, 594, 660, 726, 792] 
Table of 67: [67, 134, 201, 268, 335, 402, 469, 536, 603, 670, 737, 804] 
Table of 68: [68, 136, 204, 272, 340, 408, 476, 544, 612, 680, 748, 816] 
Table of 69: [69, 138, 207, 276, 345, 414, 483, 552, 621, 690, 759, 828] 
Table of 70: [70, 140, 210, 280, 350, 420, 490, 560, 630, 700, 770, 840] 
Table of 71: [71, 142, 213, 284, 355, 426, 497, 568, 639, 710, 781, 852] 
Table of 72: [72, 144, 216, 288, 360, 432, 504, 576, 648, 720, 792, 864] 
Table of 73: [73, 146, 219, 292, 365, 438, 511, 584, 657, 730, 803, 876] 
Table of 74: [74, 148, 222, 296, 370, 444, 518, 592, 666, 740, 814, 888] 
Table of 75: [75, 150, 225, 300, 375, 450, 525, 600, 675, 750, 825, 900] 
Table of 76: [76, 152, 228, 304, 380, 456, 532, 608, 684, 760, 836, 912] 
Table of 77: [77, 154, 231, 308, 385, 462, 539, 616, 693, 770, 847, 924] 
Table of 78: [78, 156, 234, 312, 390, 468, 546, 624, 702, 780, 858, 936] 
Table of 79: [79, 158, 237, 316, 395, 474, 553, 632, 711, 790, 869, 948] 
Table of 80: [80, 160, 240, 320, 400, 480, 560, 640, 720, 800, 880, 960] 
Table of 81: [81, 162, 243, 324, 405, 486, 567, 648, 729, 810, 891, 972] 
Table of 82: [82, 164, 246, 328, 410, 492, 574, 656, 738, 820, 902, 984] 
Table of 83: [83, 166, 249, 332, 415, 498, 581, 664, 747, 830, 913, 996] 
Table of 84: [84, 168, 252, 336, 420, 504, 588, 672, 756, 840, 924, 1008] 
Table of 85: [85, 170, 255, 340, 425, 510, 595, 680, 765, 850, 935, 1020] 
Table of 86: [86, 172, 258, 344, 430, 516, 602, 688, 774, 860, 946, 1032] 
Table of 87: [87, 174, 261, 348, 435, 522, 609, 696, 783, 870, 957, 1044] 
Table of 88: [88, 176, 264, 352, 440, 528, 616, 704, 792, 880, 968, 1056] 
Table of 89: [89, 178, 267, 356, 445, 534, 623, 712, 801, 890, 979, 1068] 
Table of 90: [90, 180, 270, 360, 450, 540, 630, 720, 810, 900, 990, 1080] 
Table of 91: [91, 182, 273, 364, 455, 546, 637, 728, 819, 910, 1001, 1092] 
Table of 92: [92, 184, 276, 368, 460, 552, 644, 736, 828, 920, 1012, 1104] 
Table of 93: [93, 186, 279, 372, 465, 558, 651, 744, 837, 930, 1023, 1116] 
Table of 94: [94, 188, 282, 376, 470, 564, 658, 752, 846, 940, 1034, 1128] 
Table of 95: [95, 190, 285, 380, 475, 570, 665, 760, 855, 950, 1045, 1140] 
Table of 96: [96, 192, 288, 384, 480, 576, 672, 768, 864, 960, 1056, 1152] 
Table of 97: [97, 194, 291, 388, 485, 582, 679, 776, 873, 970, 1067, 1164] 
Table of 98: [98, 196, 294, 392, 490, 588, 686, 784, 882, 980, 1078, 1176] 
Table of 99: [99, 198, 297, 396, 495, 594, 693, 792, 891, 990, 1089, 1188] 
Table of 100: [100, 200, 300, 400, 500, 600, 700, 800, 900, 1000, 1100, 1200] 
